# CDL:
# 45.21022°N, 5.90020°E 0m +2m
90.05 23.759
93.35 24.081
98.65 25.023
99.65 25.092
101.75 25.1
104.15 25.257
106.25 25.108
106.95 24.988
107.65 24.791
108.35 24.496
109.25 24.01
110.95 23.553
112.05 23.179
112.75 22.866
113.85 22.275
115.25 21.787
116.55 21.237
117.95 20.531
119.85 19.393
122.25 18.974
124.15 18.698
125.15 18.463
126.45 18.01
128.35 17.12
130.05 16.409
130.25 16.502
130.55 16.783
130.95 16.769
131.35 16.637
131.55 16.706
131.85 16.882
132.25 17.278
132.55 17.392
132.75 17.412
132.95 17.346
133.25 17.334
133.55 17.383
134.05 17.31
134.25 17.338
134.45 17.305
134.55 17.346
135.15 17.333
135.45 17.42
136.05 17.282
136.65 17.56
137.15 17.628
138.15 17.196
138.65 17.121
139.35 16.685
140.05 16.335
140.55 16.179
140.95 16.109
141.55 15.804
142.05 15.455
142.45 15.55
142.75 15.52
143.35 15.637
143.65 15.517
143.85 15.404
144.55 14.798
145.35 14.001
145.95 13.495
146.15 13.352
146.55 13.299
147.25 13.302
147.65 13.381
148.25 13.582
149.25 13.639
150.15 14.312
150.45 14.615
150.85 14.616
151.55 14.93
152.25 14.816
152.95 14.54
153.45 14.919
154.05 15.198
154.65 15.786
155.15 15.953
155.55 16.009
156.05 15.917
156.85 15.903
157.85 16.118
158.25 16.161
158.55 16.093
160.05 15.563
161.25 15.008
162.15 14.676
162.95 14.226
164.35 13.266
165.75 12.551
166.85 12.153
168.35 12.436
170.55 13.12
171.25 13.253
172.05 13.59
172.65 13.729
175.15 14.627
176.35 15.126
181.25 16.839
183.05 17.249
184.35 17.334
185.35 17.47
187.15 17.463
188.45 17.306
190.05 17.225
191.15 17.012
192.25 17.085
192.65 17.063
194.25 16.684
195.95 16.395
198.65 15.717
199.95 15.722
200.95 15.635
202.95 15.336
204.05 15.074
205.35 14.868
207.35 14.713
209.05 14.233
211.65 13.882
213.25 13.851
214.55 13.707
216.45 13.65
218.35 13.51
219.55 13.487
220.45 13.658
220.95 13.707
223.35 13.661
225.15 13.826
227.65 13.874
230.25 14.132
231.75 14.174
235.45 14.059
237.25 13.935
239.55 13.939
241.25 13.771
243.95 13.374
246.55 12.742
248.35 12.629
249.15 12.487
250.45 12.092
251.25 11.941
252.25 11.685
259.15 9.597
259.65 9.469
260.75 9.287
261.65 9.058
266.65 7.219
267.75 6.996
268.95 6.684
270.15 6.543
271.85 6.244
274.15 5.693
275.95 5.423
277.45 5.432
279.85 5.038
280.95 4.936
282.65 4.86
283.85 4.632
286.35 4.568
288.55 4.381
290.45 4.35
291.15 4.278
292.65 4.032
294.55 3.984
296.25 3.598
298.55 3.273
299.35 3.109
300.45 3.089
301.95 3.211
302.55 3.196
303.15 3.295
303.75 3.295
304.35 3.505
304.55 3.509
304.75 3.456
305.05 3.502
305.25 3.418
306.15 3.233
306.75 3.55
307.25 3.728
308.25 3.8
309.15 3.971
309.55 4.238
309.85 4.61
310.25 4.819
310.85 5.02
311.35 5.082
311.65 5.18
312.45 5.323
313.45 5.671
313.75 5.822
314.55 5.91
314.75 5.883
315.15 5.718
315.25 5.63
315.35 5.608
315.65 5.343
316.15 5.133
316.55 4.744
317.05 4.493
317.25 4.233
318.05 3.79
318.75 3.896
319.25 3.905
320.15 3.781
320.65 3.594
321.35 3.488
321.75 3.527
323.75 3.358
325.35 3.624
325.95 3.841
326.45 3.85
327.15 4.127
327.45 4.178
328.05 4.38
328.15 4.368
328.65 4.489
328.95 4.622
329.65 4.802
330.05 4.557
330.25 4.345
330.75 4.104
331.05 3.88
331.25 3.867
331.45 3.934
332.05 3.83
332.35 3.828
333.45 3.548
335.75 4.454
335.95 4.434
336.65 4.145
337.15 4.313
337.55 4.307
337.95 4.163
338.35 3.907
339.45 4.436
340.25 4.939
340.75 5.308
341.35 6.073
341.55 6.074
341.85 6.207
342.15 6.266
343.15 6.076
343.75 5.702
344.55 5.698
344.75 5.554
345.05 5.454
345.15 5.478
345.35 5.384
345.55 5.374
346.15 5.518
346.85 5.529
347.05 5.448
347.25 5.13
347.45 4.924
347.65 4.806
348.05 4.766
348.65 4.853
349.05 4.784
349.15 4.72
349.75 4.854
350.35 4.54
350.65 4.459
351.05 4.46
351.65 4.57
351.85 4.528
351.95 4.425
352.15 4.569
352.65 4.422
352.95 4.591
353.25 4.569
353.45 4.483
353.65 4.539
354.15 4.515
354.35 4.279
354.75 4.234
355.55 3.806
355.75 3.536
356.35 3.523
356.55 3.44
357.25 3.384
358.35 3.66
358.65 3.525
359.05 3.67
359.45 3.543
359.65 3.635
359.95 3.624
0.05 3.626
0.35 3.701
0.65 3.594
0.95 3.406
1.25 3.393
1.55 3.058
1.95 2.925
2.05 2.853
2.15 2.864
2.35 2.637
2.55 2.507
2.85 2.593
3.05 2.5
3.95 2.478
4.15 2.582
4.45 2.602
4.65 2.695
6.35 3.52
8.05 4.436
9.15 4.942
11.25 5.761
13.15 6.398
17.45 7.299
19.85 8.072
22.45 8.663
24.05 9.14
25.45 9.497
27.05 9.821
30.25 10.319
31.85 10.615
32.65 10.779
33.65 11.115
34.35 11.292
35.15 11.387
37.25 11.412
38.55 11.506
40.15 11.737
42.55 12.284
43.35 12.359
44.35 12.363
45.15 12.465
46.65 12.817
48.65 13.416
50.85 13.831
52.95 14.326
54.15 14.555
54.45 14.629
55.45 15.112
56.35 15.434
56.95 15.711
57.95 15.998
59.15 16.473
59.85 16.63
60.85 16.719
61.95 16.981
63.85 17.61
64.85 18.037
66.65 18.97
67.55 19.257
68.15 19.349
69.65 19.463
71.75 20.107
74.05 20.536
76.35 21.166
77.55 21.344
78.35 21.612
79.15 21.813
80.75 22.067
82.15 22.399
83.45 22.617
85.15 23.041
86.35 23.149
87.35 23.359
